93 48
93 57
93 42
93 28
28 38
28 9
28 88
28 56
28 27
28 93
95 2
95 34
95 4
95 37
95 9
95 75
95 11
95 60
95 21
95 22
95 92
75 48
75 12
75 46
75 95
16 50
16 12
16 45
16 63
63 0
63 99
63 41
63 14
63 16
63 82
63 21
63 25
63 60
11 2
11 39
11 8
11 52
11 90
11 59
11 95
39 98
39 11
39 45
39 78
39 18
39 20
39 27
37 67
37 68
37 80
37 86
37 88
37 57
37 95
86 33
86 68
86 37
86 42
86 48
86 83
77 65
77 4
77 73
77 41
77 47
77 18
73 64
73 77
73 14
73 81
73 90
79 0
79 98
79 41
79 14
79 15
79 80
98 6
98 39
98 79
98 22
98 55
98 92
48 4
48 72
48 75
48 14
48 85
48 86
48 93
14 96
14 33
14 72
14 73
14 79
14 48
14 26
14 63
5 97
5 1
5 68
5 40
5 42
5 12
5 54
5 30
5 62
97 5
97 6
97 76
97 80
97 50
97 20
88 33
88 68
88 37
88 74
88 12
88 47
88 84
88 23
88 58
88 28
88 62
51 99
51 6
6 97
6 98
6 3
6 45
6 46
6 51
6 29
41 0
41 67
41 69
41 8
41 76
41 77
41 79
41 81
41 63
23 24
23 43
23 58
23 88
24 32
24 1
24 33
24 50
24 23
24 87
26 38
26 43
26 14
26 81
26 59
26 62
38 66
38 35
38 40
38 26
38 28
57 37
57 12
57 17
57 93
57 29
87 64
87 0
87 2
87 67
87 8
87 49
87 22
87 24
64 34
64 2
64 71
64 73
64 9
64 80
64 30
64 87
64 92
64 62
33 36
33 7
33 14
33 54
33 86
33 88
33 24
33 29
22 0
22 65
22 98
22 44
22 52
22 87
22 91
22 92
22 95
12 32
12 5
12 75
12 16
12 83
12 85
12 25
12 88
12 57
12 27
12 94
13 10
13 83
13 4
13 46
46 6
46 72
46 75
46 13
46 15
46 52
83 66
83 34
83 36
83 2
83 12
83 13
83 86
36 33
36 99
36 81
36 83
36 84
36 90
27 39
27 12
27 92
27 25
27 28
90 66
90 36
90 73
90 11
90 80
92 64
92 98
92 8
92 42
92 78
92 22
92 27
92 95
59 58
59 70
59 74
59 11
59 45
59 26
70 34
70 59
70 21
72 71
72 8
72 46
72 14
72 48
72 81
72 61
8 34
8 4
8 72
8 9
8 41
8 11
8 87
8 92
4 65
4 99
4 3
4 8
4 13
4 77
4 48
4 82
4 19
4 95
78 96
78 99
78 67
78 39
78 53
78 92
78 30
99 66
99 4
99 36
99 44
99 45
99 78
99 51
99 84
99 94
99 63
29 33
29 6
29 81
29 17
29 57
29 58
20 97
20 50
20 19
20 39
19 32
19 65
19 67
19 4
19 20
2 64
2 11
2 83
2 87
2 94
2 62
2 95
71 64
71 35
71 72
71 74
71 44
71 49
71 53
71 25
44 99
44 71
44 80
44 49
44 52
44 22
44 31
61 65
61 67
61 72
61 25
61 31
65 32
65 4
65 77
65 19
65 22
65 61
69 41
69 10
69 17
69 82
69 53
82 4
82 69
82 54
82 63
7 33
7 53
54 33
54 3
54 5
54 42
54 82
3 68
3 4
3 6
3 54
3 58
3 91
96 45
96 14
96 78
96 49
96 91
96 94
76 97
76 34
76 41
76 43
76 85
85 66
85 76
85 12
85 48
85 17
85 89
30 64
30 5
30 9
30 78
30 81
74 88
74 59
74 55
74 71
10 1
10 69
10 13
10 17
52 68
52 11
52 44
52 46
52 47
52 49
52 22
52 56
52 60
52 31
34 64
34 70
34 8
34 76
34 83
34 94
34 95
68 3
68 37
68 5
68 42
68 50
68 52
68 86
68 88
68 94
94 96
94 2
94 99
94 68
94 34
94 40
94 12
80 64
80 97
80 37
80 44
80 79
80 53
80 90
80 62
66 99
66 38
66 83
66 53
66 85
66 90
32 65
32 12
32 18
32 19
32 24
32 62
32 31
62 32
62 64
62 2
62 5
62 80
62 88
62 26
55 74
55 84
55 98
17 35
17 69
17 10
17 85
17 57
17 29
45 96
45 99
45 6
45 39
45 9
45 16
45 50
45 56
45 59
58 3
58 21
58 23
58 88
58 59
58 29
42 68
42 5
42 40
42 54
42 86
42 92
42 93
47 88
47 52
47 77
50 97
50 68
50 45
50 16
50 20
50 24
84 88
84 99
84 36
84 55
25 71
25 12
25 21
25 27
25 61
25 63
21 70
21 25
21 58
21 95
21 63
67 37
67 41
67 78
67 49
67 19
67 87
67 61
9 64
9 8
9 45
9 28
9 30
9 95
40 5
40 38
40 42
40 81
40 94
53 0
53 66
53 69
53 7
53 71
53 78
53 80
15 46
15 79
0 41
0 79
0 53
0 22
0 87
0 63
31 32
31 44
31 61
31 52
35 17
35 38
35 71
81 36
81 40
81 73
81 41
81 72
81 26
81 29
81 30
18 32
18 77
18 39
91 96
91 3
91 22
49 96
49 67
49 71
49 44
49 52
49 87
43 26
43 76
43 23
60 52
60 95
60 63
56 28
56 45
56 52
1 24
1 10
1 5
89 85
