77 96
77 97
77 4
77 37
77 70
77 82
77 19
77 22
77 23
77 86
77 93
23 32
23 71
23 40
23 77
23 16
23 85
23 54
23 90
23 60
46 65
46 39
46 14
46 18
46 57
14 65
14 4
14 46
14 79
14 81
14 18
14 20
14 28
18 3
18 36
18 26
18 38
18 40
18 73
18 14
18 15
18 46
18 88
18 56
18 91
91 18
91 26
91 22
91 7
53 64
53 3
53 4
53 38
53 73
53 41
53 56
38 0
38 1
38 2
38 40
38 18
38 53
15 43
15 16
15 49
15 18
15 80
15 17
49 48
49 43
49 78
49 15
76 37
76 20
76 93
76 62
93 98
93 76
93 77
93 17
93 82
93 52
93 58
93 61
7 96
7 58
7 91
7 82
58 35
58 68
58 5
58 7
58 93
58 95
80 64
80 15
80 81
80 82
80 26
26 98
26 2
26 71
26 73
26 80
26 18
26 88
26 24
26 91
26 61
26 30
26 95
98 37
98 42
98 26
98 93
98 62
48 33
48 4
48 69
48 39
48 49
48 19
48 22
48 86
48 31
33 48
33 97
33 42
33 67
30 34
30 99
30 69
30 70
30 9
30 45
30 88
30 26
19 64
19 3
19 68
19 59
19 12
19 77
19 48
19 51
19 27
3 32
3 18
3 19
3 53
3 87
31 40
31 8
31 48
31 52
52 65
52 1
52 5
52 70
52 69
52 74
52 50
52 62
52 93
52 94
52 31
94 4
94 37
94 17
94 51
94 52
94 54
94 88
94 90
88 10
88 18
88 30
88 26
88 94
95 58
95 5
95 39
95 75
95 45
95 21
95 26
95 27
95 60
54 64
54 66
54 79
54 22
54 23
54 94
35 75
35 78
35 17
35 84
35 58
35 29
35 63
29 96
29 35
29 5
29 72
29 13
29 24
29 90
29 28
82 64
82 7
82 72
82 77
82 80
82 86
82 87
82 28
82 93
70 9
70 77
70 52
70 21
70 30
9 0
9 70
9 10
9 17
9 30
66 40
66 54
66 47
75 35
75 95
75 55
55 0
55 36
55 40
55 75
55 44
55 28
51 2
51 8
51 79
51 19
51 22
51 25
51 94
62 98
62 37
62 76
62 81
62 50
62 84
62 52
62 20
62 61
87 89
87 82
87 3
87 61
25 73
25 41
25 44
25 51
25 59
85 96
85 79
85 16
85 23
85 28
16 27
16 15
16 85
16 23
79 68
79 14
79 51
79 83
79 85
79 54
67 24
67 33
67 50
67 21
24 2
24 67
24 39
24 83
24 26
24 29
72 96
72 68
72 37
72 10
72 47
72 82
72 50
72 29
37 0
37 98
37 72
37 10
37 11
37 76
37 77
37 62
37 94
68 72
68 79
68 19
68 84
68 56
68 89
68 58
27 64
27 5
27 16
27 19
27 28
27 95
28 0
28 43
28 14
28 82
28 85
28 55
28 57
28 27
28 29
40 66
40 38
40 10
40 18
40 21
40 55
40 23
40 92
40 31
50 64
50 67
50 72
50 43
50 52
50 89
50 62
22 6
22 77
22 48
22 51
22 54
22 91
63 35
63 61
61 0
61 73
61 41
61 11
61 87
61 26
61 93
61 62
61 63
43 2
43 74
43 15
43 49
43 50
43 28
73 99
73 10
73 42
73 18
73 53
73 25
73 26
73 92
73 61
47 66
47 8
47 72
47 90
47 60
60 1
60 44
60 45
60 47
60 23
60 95
13 97
13 29
21 97
21 67
21 36
21 70
21 40
21 12
21 45
21 17
21 95
39 36
39 8
39 46
39 48
39 24
39 59
39 95
8 39
8 10
8 47
8 51
8 31
97 33
97 5
97 13
97 77
97 21
5 0
5 65
5 97
5 52
5 58
5 27
5 29
5 95
81 71
81 14
81 80
81 86
81 62
65 52
65 5
65 46
65 14
74 11
74 2
74 43
74 52
57 46
57 28
57 86
86 77
86 48
86 81
86 82
86 57
1 32
1 60
1 38
1 52
32 1
32 3
32 84
32 23
32 92
36 39
36 18
36 21
36 55
36 92
20 62
20 11
20 76
20 14
12 19
12 4
12 21
78 83
78 49
78 10
78 35
92 32
92 36
92 69
92 40
92 73
92 41
59 25
59 19
59 39
6 41
6 10
6 22
41 6
41 42
41 17
41 53
41 25
41 92
41 61
96 7
96 72
96 77
96 45
96 85
96 89
96 90
96 29
69 45
69 48
69 52
69 92
69 30
42 33
42 98
42 73
42 41
42 89
11 99
11 37
11 74
11 44
11 20
11 61
44 25
44 11
44 60
44 55
17 35
17 9
17 41
17 15
17 21
17 93
17 94
84 32
84 35
84 68
84 83
84 62
89 96
89 68
89 42
89 50
89 87
10 99
10 37
10 6
10 8
10 40
10 9
10 72
10 73
10 78
10 88
45 96
45 34
45 69
45 21
45 60
45 30
45 95
34 45
34 30
4 0
4 12
4 77
4 14
4 48
4 53
4 94
64 80
64 50
64 19
64 82
64 53
64 54
64 27
90 96
90 47
90 23
90 29
90 94
0 4
0 37
0 5
0 38
0 9
0 55
0 28
0 61
83 24
83 84
83 78
83 79
99 73
99 10
99 11
99 30
2 38
2 74
2 43
2 51
2 24
2 26
56 18
56 68
56 53
71 81
71 26
71 23
