10 32
10 65
10 99
10 40
10 80
10 23
10 24
10 91
99 65
99 71
99 72
99 10
99 51
99 23
99 24
99 88
27 66
27 84
27 46
46 38
46 84
46 27
46 60
46 94
46 95
97 67
97 41
97 11
97 45
97 52
97 86
97 88
97 93
97 95
67 97
67 68
67 36
67 69
67 78
67 49
67 51
67 22
24 99
24 4
24 72
24 10
24 83
24 23
24 61
57 1
57 68
57 38
57 12
57 79
57 19
57 84
57 90
57 93
1 2
1 70
1 7
1 16
1 52
1 22
1 88
1 57
1 63
8 34
8 3
8 40
8 78
8 80
8 19
8 22
8 89
34 8
34 73
34 20
34 93
34 30
75 0
75 39
75 72
75 71
75 74
75 13
71 99
71 75
71 79
71 80
71 85
71 26
71 28
25 65
25 33
25 70
25 38
25 74
25 76
25 60
74 36
74 75
74 78
74 18
74 21
74 55
74 25
72 66
72 99
72 68
72 98
72 41
72 75
72 13
72 47
72 17
72 24
17 64
17 72
17 9
17 20
17 88
17 59
59 35
59 73
59 77
59 17
59 83
59 85
59 58
59 92
83 3
83 45
83 16
83 48
83 22
83 88
83 24
83 59
22 1
22 98
22 67
22 8
22 49
22 83
66 0
66 72
66 14
66 79
66 51
66 27
14 66
14 19
52 64
52 97
52 1
52 6
52 79
52 49
52 62
52 92
52 93
52 30
49 67
49 4
49 52
49 53
49 22
49 55
16 1
16 73
16 44
16 77
16 83
16 31
73 34
73 6
73 79
73 16
73 15
73 48
73 81
73 21
73 86
73 59
19 8
19 11
19 14
19 81
19 82
19 86
19 23
19 57
19 58
19 63
51 98
51 67
51 35
51 99
51 70
51 39
51 66
51 44
51 85
98 0
98 33
98 3
98 72
98 51
98 84
98 22
98 89
98 90
15 73
15 11
15 44
15 76
15 82
44 41
44 15
44 16
44 51
44 28
5 0
5 21
5 63
5 31
31 16
31 42
31 5
63 1
63 5
63 39
63 9
63 19
58 2
58 4
58 69
58 76
58 80
58 19
58 89
58 59
58 95
80 2
80 71
80 8
80 9
80 10
80 58
80 61
21 5
21 73
21 74
21 42
21 82
21 60
20 34
20 70
20 78
20 48
20 17
20 50
20 30
48 73
48 11
48 83
48 20
48 86
86 97
86 35
86 73
86 48
86 19
0 66
0 98
0 5
0 75
0 26
0 91
0 60
6 3
6 70
6 73
6 45
6 84
6 52
6 60
6 29
6 94
84 98
84 6
84 7
84 41
84 46
84 57
84 27
55 4
55 74
55 49
55 54
55 94
4 47
4 49
4 55
4 24
4 58
93 97
93 34
93 37
93 47
93 52
93 23
93 57
93 28
23 96
23 99
23 36
23 38
23 10
23 19
23 24
23 93
39 75
39 12
39 81
39 51
39 53
39 87
39 63
12 57
12 43
12 39
2 1
2 35
2 80
2 53
2 58
28 68
28 71
28 44
28 13
28 90
28 60
28 93
68 64
68 65
68 67
68 70
68 7
68 72
68 57
68 28
68 61
53 2
53 36
53 39
53 49
53 95
36 67
36 3
36 74
36 53
36 23
3 98
3 36
3 6
3 8
3 13
3 83
3 30
88 97
88 1
88 99
88 17
88 83
88 54
70 1
70 68
70 6
70 11
70 47
70 51
70 20
70 25
70 92
76 65
76 15
76 25
76 58
76 94
76 95
90 98
90 78
90 57
90 28
90 94
78 67
78 8
78 74
78 20
78 90
30 34
30 3
30 77
30 20
30 52
30 26
30 62
54 35
54 47
54 18
54 55
54 88
54 62
62 11
62 82
62 52
62 54
62 30
89 8
89 41
89 58
89 98
91 0
91 32
91 10
91 11
91 29
11 97
11 65
11 70
11 77
11 15
11 48
11 19
11 91
11 62
81 73
81 19
81 39
18 74
18 85
18 54
85 38
85 71
85 18
85 51
85 87
85 59
26 0
26 96
26 71
26 79
26 30
94 96
94 6
94 76
94 46
94 55
94 90
47 4
47 70
47 72
47 41
47 79
47 54
47 93
79 66
79 71
79 73
79 47
79 52
79 57
79 26
42 96
42 38
42 21
42 61
42 95
42 31
95 97
95 42
95 76
95 46
95 53
95 58
65 99
65 68
65 10
65 43
65 76
65 11
65 25
64 17
64 50
64 52
64 68
38 42
38 46
38 82
38 23
38 85
38 87
38 57
38 25
29 91
29 61
29 6
45 97
45 6
45 40
45 83
45 61
40 8
40 10
40 45
82 38
82 7
82 41
82 15
82 19
82 21
82 60
82 62
61 68
61 42
61 45
61 80
61 24
61 29
35 2
35 41
35 51
35 54
35 86
35 59
60 0
60 6
60 46
60 82
60 21
60 25
60 28
41 97
41 33
41 35
41 72
41 9
41 44
41 47
41 82
41 84
41 89
9 80
9 41
9 17
9 63
7 1
7 68
7 37
7 82
7 84
87 85
87 38
87 39
33 25
33 98
33 43
33 41
69 58
69 67
69 50
77 16
77 11
77 59
77 30
37 13
37 93
37 7
96 42
96 26
96 94
96 23
43 65
43 33
43 12
92 59
92 52
92 70
13 3
13 37
13 72
13 75
13 28
32 10
32 91
50 64
50 20
50 69
