51 71
51 75
51 48
51 18
51 94
18 37
18 38
18 39
18 51
18 53
18 61
18 95
32 96
32 7
32 41
32 43
32 46
32 14
32 21
32 24
7 32
7 67
7 72
7 40
7 47
7 90
7 62
91 10
91 82
91 21
91 53
91 90
91 61
90 5
90 7
90 9
90 42
90 43
90 17
90 20
90 91
15 77
15 14
15 47
15 48
15 16
15 85
15 62
15 63
63 98
63 34
63 43
63 78
63 15
63 16
63 55
63 30
4 97
4 5
4 45
4 20
4 58
4 59
4 95
95 4
95 70
95 39
95 73
95 11
95 49
95 18
95 22
95 61
89 74
89 19
89 52
89 54
89 25
74 48
74 89
74 69
74 81
43 32
43 6
43 73
43 50
43 90
43 63
43 31
72 69
72 7
72 46
72 47
72 48
72 88
77 65
77 39
77 15
77 84
77 88
77 59
77 60
77 30
88 36
88 72
88 42
88 77
88 19
19 0
19 33
19 99
19 23
19 88
19 89
19 27
23 76
23 12
23 19
23 27
23 62
99 6
99 8
99 19
99 85
99 56
99 24
56 99
56 17
56 82
56 24
56 93
56 31
94 64
94 40
94 8
94 51
94 86
94 93
40 36
40 7
40 80
40 84
40 85
40 94
93 37
93 41
93 14
93 47
93 56
93 57
93 94
59 4
59 11
59 76
59 77
59 48
69 64
69 33
69 70
69 39
69 72
69 8
69 10
69 74
69 14
69 79
69 25
69 58
46 32
46 35
46 72
46 41
46 84
46 21
46 92
41 32
41 3
41 67
41 46
41 78
41 85
41 54
41 93
87 3
87 70
87 17
87 25
87 27
87 61
87 30
87 31
3 64
3 97
3 8
3 41
3 87
79 1
79 69
79 38
79 73
79 20
79 57
79 28
1 8
1 10
1 79
1 55
1 27
16 39
16 11
16 15
16 49
16 17
16 63
10 1
10 36
10 69
10 76
10 81
10 20
10 21
10 91
92 46
92 54
54 41
54 47
54 89
54 92
54 57
60 17
60 2
60 26
60 77
97 2
97 3
97 34
97 4
97 9
97 11
97 12
97 20
97 21
97 27
97 62
12 97
12 83
12 23
12 25
12 61
12 30
8 33
8 1
8 99
8 3
8 69
8 38
8 75
8 11
8 13
8 30
8 24
8 28
8 94
8 31
75 8
75 48
75 51
64 3
64 69
64 14
64 17
64 94
37 2
37 39
37 45
37 18
37 93
2 97
2 37
2 44
2 13
2 20
2 85
2 60
36 40
36 83
36 10
36 88
48 66
48 72
48 74
48 75
48 76
48 15
48 82
48 51
48 21
48 55
48 59
33 69
33 6
33 38
33 8
33 73
33 50
33 19
33 86
33 31
65 66
65 9
65 77
65 81
65 17
65 62
81 65
81 10
81 53
81 74
61 12
61 45
61 18
61 87
61 91
61 95
84 96
84 40
84 77
84 46
84 17
66 48
66 65
66 31
31 33
31 66
31 67
31 5
31 8
31 43
31 82
31 87
31 56
67 35
67 7
67 41
67 24
67 58
67 31
58 67
58 4
58 69
58 38
58 17
58 86
38 33
38 8
38 13
38 79
38 18
38 58
24 32
24 99
24 67
24 8
24 20
24 56
78 34
78 68
78 70
78 41
78 49
78 63
68 47
68 78
68 22
13 2
13 38
13 8
13 47
13 55
13 57
47 68
47 7
47 72
47 71
47 13
47 15
47 49
47 54
47 93
27 97
27 1
27 19
27 85
27 87
27 23
98 28
98 6
98 63
17 64
17 65
17 90
17 39
17 11
17 16
17 83
17 84
17 87
17 56
17 25
17 58
17 60
53 81
53 18
53 91
53 22
5 35
5 4
5 90
5 29
5 31
21 32
21 96
21 97
21 35
21 10
21 46
21 48
21 22
21 91
22 68
22 83
22 21
22 53
22 25
22 95
85 2
85 99
85 40
85 41
85 15
85 49
85 50
85 26
85 27
70 0
70 69
70 42
70 78
70 80
70 87
70 28
70 95
82 48
82 56
82 91
82 31
42 88
42 90
42 44
42 70
57 34
57 71
57 13
57 79
57 52
57 86
57 54
57 93
0 11
0 19
0 70
11 0
11 97
11 35
11 8
11 16
11 17
11 59
11 95
35 67
35 5
35 11
35 46
35 49
35 21
83 36
83 6
83 12
83 17
83 22
76 96
76 10
76 48
76 23
76 59
9 65
9 90
9 97
30 39
30 8
30 12
30 77
30 87
30 62
30 63
62 65
62 97
62 7
62 15
62 23
62 30
20 97
20 2
20 4
20 10
20 79
20 24
20 90
39 37
39 69
39 77
39 16
39 17
39 18
39 30
39 95
34 97
34 78
34 55
34 57
34 63
55 1
55 34
55 13
55 48
55 63
52 89
52 57
28 98
28 70
28 8
28 79
28 80
6 33
6 98
6 99
6 43
6 83
73 33
73 43
73 95
73 79
80 40
80 26
80 28
80 70
25 69
25 12
25 17
25 22
25 87
25 89
96 32
96 76
96 14
96 84
96 21
14 96
14 64
14 32
14 69
14 15
14 93
49 35
49 78
49 47
49 16
49 85
49 95
44 2
44 42
44 29
50 33
50 43
50 85
26 80
26 60
26 85
71 57
71 51
71 47
86 57
86 58
86 94
86 33
29 44
29 5
45 37
45 4
45 61
