0 35
0 41
0 74
0 81
0 83
0 61
35 0
35 68
35 59
35 48
35 80
35 21
35 27
35 60
43 64
43 73
43 16
43 24
64 70
64 72
64 43
64 50
64 52
64 31
66 70
66 73
66 19
66 51
66 85
66 20
51 66
51 39
51 74
51 87
51 89
51 31
19 66
19 38
19 80
19 88
19 24
88 4
88 19
88 53
88 55
88 25
56 5
56 42
56 17
56 20
56 27
56 31
27 97
27 35
27 4
27 7
27 73
27 42
27 22
27 56
27 58
27 61
12 33
12 1
12 71
12 40
12 75
12 79
12 54
12 89
12 58
89 36
89 12
89 82
89 51
89 57
15 44
15 49
15 53
15 60
15 31
53 9
53 14
53 15
53 84
53 88
97 81
97 18
97 84
97 86
97 27
97 30
18 97
18 8
18 46
18 50
18 21
18 85
44 7
44 73
44 76
44 15
44 62
62 44
62 69
86 32
86 97
86 69
86 73
86 74
86 11
86 45
86 29
45 69
45 70
45 8
45 81
45 86
45 55
45 28
45 30
45 63
95 34
95 69
95 78
95 79
95 61
95 29
78 67
78 5
78 37
78 55
78 95
30 97
30 3
30 4
30 76
30 45
30 80
30 82
30 20
30 57
30 92
76 4
76 68
76 41
76 11
76 44
76 30
98 99
98 85
98 14
14 98
14 4
14 72
14 8
14 48
14 49
14 53
14 85
14 26
14 91
14 29
52 64
52 8
52 10
52 75
52 13
52 55
52 29
75 71
75 12
75 79
75 81
75 52
75 61
47 59
47 85
47 79
85 66
85 98
85 69
85 46
85 47
85 14
85 18
85 82
85 22
85 55
80 35
80 70
80 39
80 74
80 13
80 19
80 87
80 60
80 30
13 32
13 7
13 72
13 79
13 80
13 52
81 0
81 1
81 97
81 75
81 77
81 45
81 54
81 22
7 34
7 44
7 13
7 83
7 27
37 96
37 1
37 78
37 63
9 74
9 53
9 38
9 63
74 0
74 2
74 36
74 39
74 9
74 80
74 51
74 86
74 87
74 28
41 0
41 82
41 76
41 6
58 3
58 91
58 12
58 83
58 27
1 81
1 12
1 37
1 94
96 37
96 42
96 57
96 90
96 61
61 96
61 0
61 34
61 42
61 75
61 50
61 84
61 27
61 92
61 95
11 4
11 72
11 76
11 82
11 86
11 23
11 90
11 92
92 32
92 67
92 4
92 11
92 21
92 26
92 61
92 30
92 63
54 67
54 12
54 81
54 83
54 90
54 94
90 96
90 68
90 4
90 39
90 11
90 16
90 54
90 55
90 28
36 89
36 74
36 10
36 22
69 2
69 45
69 85
69 86
69 62
69 95
50 64
50 10
50 16
50 17
50 18
50 22
50 61
67 6
67 78
67 82
67 54
67 92
29 2
29 14
29 52
29 86
29 23
29 95
28 38
28 74
28 45
28 16
28 90
21 25
21 18
21 35
21 92
72 64
72 6
72 11
72 13
72 14
72 26
72 94
71 83
71 75
71 12
46 33
46 18
46 42
46 85
82 32
82 3
82 67
82 73
82 41
82 11
82 85
82 94
82 89
82 30
3 65
3 40
3 8
3 82
3 84
3 58
3 30
3 31
31 32
31 64
31 3
31 6
31 15
31 51
31 56
31 59
38 9
38 34
38 19
38 28
34 38
34 7
34 84
34 61
34 95
17 56
17 50
17 23
8 3
8 45
8 14
8 79
8 18
8 52
8 94
20 66
20 70
20 40
20 73
20 55
20 56
20 30
39 74
39 10
39 80
39 49
39 51
39 90
4 11
4 76
4 14
4 88
4 94
4 90
4 27
4 92
4 30
2 29
2 74
2 99
2 69
99 2
99 98
32 65
32 33
32 13
32 82
32 86
32 92
32 31
26 72
26 14
26 79
26 83
26 57
26 92
55 6
55 42
55 45
55 78
55 20
55 52
55 85
55 88
55 90
55 63
6 67
6 72
6 41
6 42
6 55
6 31
59 35
59 10
59 47
59 83
59 31
49 39
49 14
49 15
49 57
49 93
48 35
48 14
48 22
60 35
60 73
60 15
60 80
60 63
40 3
40 73
40 12
40 83
40 20
40 22
40 24
83 0
83 26
83 7
83 40
83 71
83 10
83 54
83 58
83 59
73 66
73 40
73 43
73 44
73 82
73 20
73 86
73 27
73 60
70 64
70 66
70 68
70 45
70 80
70 84
70 20
70 57
16 43
16 50
16 57
16 90
16 28
10 65
10 36
10 39
10 50
10 83
10 52
10 59
63 37
63 9
63 45
63 92
63 55
63 60
24 65
24 40
24 43
24 19
24 87
87 33
87 74
87 80
87 51
87 24
79 8
79 75
79 12
79 13
79 47
79 57
79 26
79 95
57 96
57 70
57 79
57 16
57 49
57 89
57 26
57 93
57 30
68 90
68 35
68 76
68 70
22 36
22 40
22 48
22 81
22 50
22 85
22 27
65 24
65 10
65 32
65 3
23 17
23 11
23 29
77 81
77 25
94 1
94 33
94 4
94 72
94 8
94 82
94 54
94 91
42 96
42 6
42 46
42 55
42 56
42 27
42 61
91 94
91 58
91 14
5 56
5 78
25 88
25 77
25 21
84 97
84 34
84 3
84 70
84 53
84 61
93 49
93 57
33 32
33 12
33 46
33 87
33 94
